Hello
12500 12 199
7300 12 198
6100 12 197
5101 12 196
7100 12 195
4800 12 194
5800 12 193
5000 12 192
7700 12 191
8600 12 190
5900 12 189
7100 12 188
8900 12 187
4800 12 186
5799 12 185
6799 12 184
8301 12 183
5000 12 182
5800 12 181
5100 12 180
7001 12 179
4800 12 178
5900 12 177
5100 12 176
7601 12 175
4801 12 174
5600 12 173
5500 12 172
7200 12 171
4900 12 170
5900 12 169
5100 12 168
7001 12 167
4600 12 166
5599 12 165
4800 12 164
7100 12 163
4600 12 162
5800 12 161
4700 12 160
7600 12 159
4700 12 158
5700 12 157
6401 12 156
7300 12 155
4901 12 154
5599 12 153
4900 12 152
6600 12 151
4400 12 150
5201 12 149
4300 12 148
6401 12 147
4300 12 146
5401 12 145
10700 12 144
5600 12 143
4000 12 142
4800 12 141
4300 12 140
4899 12 139
3600 12 138
8300 11 137
5300 11 136
6200 11 135
4200 11 134
6200 11 133
16700 11 132
5301 11 131
3901 11 130
6301 11 129
3801 11 128
5200 11 127
3800 11 126
5901 11 125
4200 11 124
5600 11 123
3900 11 122
6900 11 121
4100 11 120
9201 11 119
3800 11 118
5700 11 117
3800 11 116
5599 11 115
5000 11 114
8299 11 113
4600 11 112
6000 11 111
4899 11 110
7799 11 109
4900 11 108
6700 11 107
4900 11 106
9401 10 105
5100 10 104
6800 10 103
5101 10 102
7500 10 101
1099 10 101
2700 10 101
1999 10 101
2000 10 101
2200 10 101
2000 10 101
1900 10 101
1900 10 101
2000 10 101
2000 10 101
1900 10 101
2200 10 101
1900 10 101
4800 10 101
2100 10 101
1900 10 101
1800 10 101
1801 10 101
1801 10 101
1800 10 101
3999 10 101
1800 10 101
1801 10 101
1900 10 101
1601 10 101
1801 10 101
1800 10 101
1800 10 101
2499 10 101
1799 10 101
1900 10 101
1900 10 101
2100 10 101
1800 10 101
1200 10 101
1200 10 101
1100 10 101
1299 10 101
1200 10 101
1200 10 101
1200 10 101
1200 10 101
1100 10 101
1200 10 101
1000 10 101
1200 10 101
1301 10 101
1601 10 101
1400 10 101
1200 10 101
1100 10 101
7600 10 101
1100 10 101
1399 10 101
1100 10 101
1200 10 101
1300 10 101
2101 10 101
2199 10 101
2299 10 101
2200 10 101
2400 10 101
2299 10 101
1999 10 101
2100 10 101
2200 10 101
1900 10 101
1900 10 101
1900 10 101
1900 10 101
2201 10 101
2000 10 101
1799 10 101
1900 10 101
2100 10 101
2099 10 101
1801 10 101
2100 10 101
1800 10 101
33800 10 101
1799 10 101
1500 10 101
1300 10 101
1200 10 101
1099 10 101
1400 10 101
1299 10 101
3300 10 101
1501 10 101
1400 10 101
1300 10 101
1200 10 101
1400 10 101
1400 10 101
1600 10 101
1600 10 101
1400 10 101
1300 10 101
1300 10 101
1300 10 101
1400 10 101
7200 17 199
4200 17 198
5600 17 197
3400 17 196
5599 17 195
2300 17 194
3100 17 193
1900 17 192
3799 17 191
1900 17 190
3001 17 189
2100 17 188
3201 17 187
2400 17 186
3100 17 185
1900 17 184
3200 17 183
1700 17 182
2700 17 181
1900 17 180
3100 17 179
1800 17 178
2799 17 177
1800 17 176
2799 17 175
1700 17 174
2600 17 173
1700 17 172
2000 17 171
1700 17 170
1600 17 169
1700 16 168
3700 16 167
1500 16 166
2501 16 165
1601 16 164
2800 16 163
1600 16 162
2600 16 161
1599 16 160
2501 16 159
1400 16 158
5900 16 157
2700 16 156
2800 16 155
1699 16 154
1700 16 153
1500 15 152
3800 15 151
1800 15 150
3100 15 149
1700 15 148
3299 15 147
1600 15 146
2700 15 145
2400 15 144
2599 15 143
1500 15 142
2600 15 141
1601 15 140
4800 15 139
2700 15 138
1800 15 137
2000 14 136
5201 14 135
1900 14 134
3400 14 133
1900 14 132
3499 14 131
1700 14 130
2701 14 129
1900 14 128
2600 14 127
1700 14 126
5700 14 125
2900 14 124
2699 14 123
1600 14 122
1801 14 121
1501 13 120
3400 13 119
1700 13 118
2999 13 117
1601 13 116
2100 13 115
1399 13 114
2700 13 113
1900 12 112
2800 12 111
1700 12 110
1401 12 109
1400 11 108
2700 11 107
1700 11 106
1299 11 105
1999 10 104
6601 10 103
2400 10 102
2299 10 101
1600 10 100
1900 9 99
2801 9 98
4201 9 97
2300 9 96
4600 9 95
2200 9 94
3201 9 93
2200 9 92
13000 9 91
2800 9 90
3600 9 89
2400 9 88
3999 9 87
2000 9 86
3200 9 85
1900 9 84
3501 9 83
1900 9 82
2700 9 81
1799 9 80
3400 9 79
2001 9 78
2701 9 77
1699 9 76
2901 9 75
1799 9 74
2699 9 73
2100 9 72
3001 9 71
1700 9 70
2600 9 69
1600 9 68
5100 9 67
2200 9 66
2899 9 65
1800 9 64
2300 9 63
1500 9 62
2400 9 61
1500 9 60
2000 9 59
1400 9 58
1300 9 57
1600 8 56
3200 8 55
1499 8 54
4401 8 53
1500 8 52
2700 8 51
1601 8 50
2199 8 49
1600 8 48
2300 8 47
1501 8 46
4101 8 45
2200 8 44
2200 8 43
1501 8 42
1199 8 41
1601 7 40
3600 7 39
1500 7 38
2601 7 37
1701 7 36
3100 7 35
1700 7 34
2300 7 33
1600 7 32
2201 7 31
3999 7 30
4000 7 29
1800 7 28
2299 7 27
1401 7 26
1200 7 25
1400 6 24
3500 6 23
1300 6 22
2499 6 21
1400 6 20
1699 6 19
1200 6 18
2201 6 17
1700 5 16
2400 5 15
1400 5 14
1200 5 13
10200 4 12
2400 4 11
1501 4 10
1200 4 9
1300 3 8
2699 3 7
4201 3 6
2400 3 5
1999 2 4
2001 2 3
1600 1 2
1200 0 1
4201 -1 0
