Hello
43400 7 199
10300 7 198
9500 7 197
8500 7 196
8600 7 195
11100 7 194
8900 7 193
8900 7 192
9500 7 191
10300 7 190
19500 7 189
27500 7 188
12400 7 187
12800 7 186
12800 7 185
13100 7 184
13600 7 183
11300 7 182
13300 7 181
12500 7 180
17800 7 179
11100 7 178
11600 7 177
11800 7 176
12500 7 175
11900 7 174
9900 7 173
10400 7 172
12000 7 171
9500 7 170
35900 7 169
10900 7 168
9600 7 167
9000 7 166
9400 7 165
11800 7 164
9600 7 163
11600 7 162
10500 7 161
9200 7 160
11400 7 159
8400 7 158
9300 7 157
8600 7 156
8400 7 155
9800 7 154
8600 7 153
8200 7 152
8400 7 151
7600 7 150
8800 7 149
8200 7 148
8100 7 147
7600 7 146
9000 7 145
10800 7 144
10000 7 143
7600 7 142
9200 7 141
9400 7 140
16800 7 139
8700 7 138
10500 7 137
13000 7 136
28400 7 135
10300 7 134
11300 7 133
10800 7 132
10700 7 131
10100 7 130
11200 7 129
10800 7 128
63300 7 127
11800 7 126
11400 7 125
15600 7 124
10600 7 123
9400 7 122
10800 7 121
25000 7 120
46500 7 119
7800 7 118
7900 7 117
11300 7 116
7700 7 115
15500 7 114
7200 7 113
7400 7 112
7700 7 111
6800 7 110
7600 7 109
7400 7 108
8400 7 107
7400 7 106
7400 7 105
6700 6 104
6500 6 103
6700 6 102
9400 6 101
25000 6 101
12100 6 100
6000 6 99
6900 6 98
5800 6 97
6400 6 96
5900 6 95
6200 6 94
8400 6 93
17500 6 92
6700 6 91
8000 6 90
5900 6 89
6100 6 88
8000 6 87
6500 6 86
7600 6 85
5700 6 84
6100 6 83
6000 6 82
5300 6 81
5500 6 80
5800 6 79
5600 6 78
5200 6 77
5900 6 76
8400 6 75
9300 6 74
8700 6 73
5900 6 72
6100 6 71
5500 6 70
5400 6 69
6000 6 68
5300 6 67
8100 6 66
5700 6 65
5900 6 64
5500 6 63
5400 6 62
5700 6 61
6000 6 60
5400 6 59
7800 6 58
8000 6 57
6800 6 56
6000 5 55
5900 5 54
5800 5 53
5400 5 52
5100 5 51
10100 5 50
8900 5 49
5600 5 48
6100 5 47
5100 5 46
5000 5 45
5900 5 44
5600 5 43
6200 5 42
5300 5 41
5500 5 40
5500 5 39
5100 5 38
4900 5 37
5500 5 36
5200 5 35
5600 5 34
5200 5 33
5600 5 32
5400 5 31
5400 5 30
5700 5 29
5800 5 28
5900 5 27
5800 5 26
4900 5 25
6200 5 24
5100 4 23
5100 4 22
5000 4 21
5100 4 20
4500 4 19
5800 4 18
4900 4 17
4800 4 16
5800 4 15
5000 4 14
4400 4 13
6500 3 12
4600 3 11
5000 3 10
4800 3 9
4900 3 8
4500 3 7
6100 2 6
10100 2 5
4200 2 4
4400 1 3
4000 1 2
4300 1 2
23100 7 199
4500 7 198
3700 7 197
3600 7 196
4800 7 195
9000 7 194
7500 7 193
3700 7 192
5500 7 191
3300 7 190
3500 7 189
3600 7 188
3500 7 187
4700 7 186
3600 7 185
3700 7 184
3800 7 183
3600 7 182
3500 7 181
3400 7 180
3400 7 179
3600 7 178
3500 7 177
4700 7 176
3700 7 175
3500 7 174
3500 7 173
3700 7 172
3700 7 171
3700 7 170
3500 7 169
3500 7 168
3600 7 167
4200 7 166
3500 7 165
4400 7 164
3600 7 163
3600 7 162
3500 7 161
4200 7 160
3400 7 159
3400 7 158
13700 7 157
8000 7 156
5300 7 155
5000 7 154
4700 7 153
4900 7 152
6500 7 151
5000 7 150
4600 7 149
4700 7 148
9100 7 147
6700 7 146
4900 7 145
9400 7 144
7800 7 143
9800 7 142
14500 7 141
12000 7 140
12300 7 139
7500 7 138
7700 7 137
8700 7 136
7700 7 135
7700 7 134
8200 7 133
6300 7 132
7300 7 131
7200 7 130
7800 7 129
6400 7 128
7600 7 127
6300 7 126
15400 7 125
7600 7 124
5900 7 123
17900 7 122
5300 7 121
5200 7 120
5000 7 119
6300 7 118
6700 7 117
8000 7 116
7600 7 115
7800 7 114
15800 7 113
9800 7 112
7700 7 111
11400 7 110
9200 7 109
8100 7 108
8200 7 107
8000 7 106
9700 7 105
8200 6 104
10900 6 103
5400 6 102
5000 6 101
5200 6 100
4900 6 99
4900 6 98
4700 6 97
4300 6 96
5900 6 95
4500 6 94
4400 6 93
4200 6 92
4300 6 91
9900 6 90
6200 6 89
10600 6 88
5100 6 87
4500 6 86
4800 6 85
5700 6 84
5400 6 83
5200 6 82
4700 6 81
4600 6 80
5600 6 79
4500 6 78
4300 6 77
4400 6 76
5000 6 75
4900 6 74
4800 6 73
5300 6 72
5700 6 71
4900 6 70
4600 6 69
4400 6 68
19100 6 67
12600 6 66
11700 6 65
4500 6 64
4300 6 63
5000 6 62
4400 6 61
11500 6 60
6100 6 59
4900 6 58
4700 6 57
4900 5 56
4300 5 55
4100 5 54
4200 5 53
4200 5 52
4100 5 51
4100 5 50
4100 5 49
4200 5 48
4100 5 47
4300 5 46
9900 5 45
6300 5 44
6600 5 43
7800 5 42
5000 5 41
4300 5 40
4300 5 39
4700 5 38
5000 5 37
7800 5 36
7700 5 35
5200 5 34
4500 5 33
4900 5 32
4600 5 31
14800 5 30
74600 5 29
10000 5 28
7400 5 27
6900 5 26
6500 5 25
6300 4 24
8000 4 23
5800 4 22
5800 4 21
6900 4 20
7200 4 19
6100 4 18
10300 4 17
6800 4 16
6200 4 15
6900 4 14
4400 4 13
3600 3 12
3600 3 11
4600 3 10
4000 3 9
4600 3 8
3700 3 7
7100 2 6
4000 2 5
3500 2 4
3600 1 3
4100 1 2
3300 0 1
10300 -1 0
