Hello
961100 0 1
139100 1 2
32000 1 3
19900 2 4
20300 2 5
19900 2 6
20900 2 7
22500 3 8
23100 3 9
20500 3 10
21100 3 11
20400 3 12
22600 3 13
23900 3 14
29500 3 15
20400 4 16
22200 4 17
23500 4 18
22700 4 19
23600 4 20
25700 4 21
23700 4 22
22900 4 23
25100 4 24
24000 4 25
23700 4 26
31400 4 27
28900 4 28
21800 4 29
27700 4 30
25200 4 31
27000 5 32
55700 5 33
40800 5 34
42000 5 35
29900 5 36
36800 5 37
29800 5 38
33000 5 39
31300 5 40
30000 5 41
34200 5 42
68200 5 43
22900 5 44
25200 5 45
19400 5 46
23700 5 47
20800 5 48
19400 5 49
18800 5 50
19600 5 51
19100 5 52
19400 5 53
38700 5 54
25200 5 55
23400 5 56
24400 5 57
20900 5 58
21000 5 59
41800 5 60
23900 5 61
23900 5 62
23800 5 63
22500 6 64
23600 6 65
23700 6 66
23500 6 67
23400 6 68
68300 6 69
39300 6 70
22600 6 71
22100 6 72
29900 6 73
23700 6 74
28300 6 75
23900 6 76
25000 6 77
24900 6 78
25200 6 79
24200 6 80
26700 6 81
33800 6 82
31800 6 83
27900 6 84
24500 6 85
21200 6 86
23500 6 87
23500 6 88
20300 6 89
20600 6 90
21700 6 91
23600 6 92
23200 6 93
20100 6 94
20400 6 95
24300 6 96
27600 6 97
20700 6 98
20900 6 99
19700 6 100
16200 6 101
16300 6 102
15900 6 103
16400 6 104
19400 6 105
15300 6 106
16000 6 107
15900 6 108
16100 6 109
15100 6 110
19500 6 111
15500 6 112
18500 6 113
15300 6 114
17600 6 115
21700 6 116
21300 6 117
21900 6 118
23100 6 119
21900 6 120
33600 6 121
20500 6 122
20300 6 123
22900 6 124
22000 6 125
31500 6 126
23900 6 127
33700 7 128
29200 7 129
23800 7 130
22000 7 131
23300 7 132
38200 7 133
26500 7 134
44800 7 135
30400 7 136
32100 7 137
29900 7 138
29800 7 139
31600 7 140
29100 7 141
29100 7 142
31000 7 143
34200 7 144
38600 7 145
29700 7 146
35900 7 147
27100 7 148
27800 7 149
27500 7 150
27700 7 151
29200 7 152
27100 7 153
33200 7 154
44100 7 155
31700 7 156
28600 7 157
28000 7 158
29800 7 159
32800 7 160
27800 7 161
29300 7 162
41000 7 163
28200 7 164
45600 7 165
42500 7 166
33700 7 167
32300 7 168
32000 7 169
58700 7 170
28100 7 171
18000 7 172
16800 7 173
29000 7 174
23600 7 175
25800 7 176
26500 7 177
31900 7 178
24500 7 179
22700 7 180
23900 7 181
17500 7 182
19400 7 183
16100 7 184
80700 7 185
22400 7 186
23800 7 187
17100 7 188
20300 7 189
16300 7 190
15500 7 191
20300 7 192
18600 7 193
25500 7 194
16000 7 195
38500 7 196
26400 7 197
27500 7 198
24000 7 199
35900 7 200
36400 1 2
26800 1 3
96200 2 4
14100 2 5
10400 2 6
5200 2 7
4700 3 8
6200 3 9
6900 3 10
5100 3 11
6500 3 12
11900 3 13
7200 3 14
5000 3 15
5300 4 16
9200 4 17
7700 4 18
5400 4 19
7800 4 20
5000 4 21
9100 4 22
5700 4 23
6400 4 24
5000 4 25
5100 4 26
4900 4 27
5500 4 28
7000 4 29
11000 4 30
5400 4 31
5000 5 32
6500 5 33
5300 5 34
5300 5 35
5300 5 36
6500 5 37
5300 5 38
5500 5 39
5300 5 40
5100 5 41
5700 5 42
4800 5 43
11000 5 44
6000 5 45
5900 5 46
5800 5 47
4600 5 48
6600 5 49
4500 5 50
4400 5 51
7600 5 52
5400 5 53
5500 5 54
4500 5 55
7300 5 56
5100 5 57
6400 5 58
5900 5 59
5700 5 60
5700 5 61
7600 5 62
5600 5 63
6400 6 64
5300 6 65
5800 6 66
5000 6 67
5000 6 68
5200 6 69
6100 6 70
5100 6 71
5600 6 72
4800 6 73
5900 6 74
5100 6 75
12400 6 76
7400 6 77
5000 6 78
4900 6 79
4900 6 80
7700 6 81
4900 6 82
5900 6 83
4900 6 84
4900 6 85
6000 6 86
4700 6 87
8800 6 88
5000 6 89
4900 6 90
4900 6 91
5300 6 92
5800 6 93
5500 6 94
5600 6 95
5200 6 96
5100 6 97
8800 6 98
5700 6 99
6700 6 100
5000 6 101
4300 6 101
4200 6 102
5100 6 103
4300 6 104
4100 6 105
5000 6 106
5800 6 107
4800 6 108
4300 6 109
5300 6 110
4300 6 111
4000 6 112
4300 6 113
4200 6 114
4100 6 115
3900 6 116
4300 6 117
6300 6 118
4400 6 119
5200 6 120
4000 6 121
4100 6 122
4900 6 123
3900 6 124
4100 6 125
5000 6 126
4200 6 127
6000 7 128
4300 7 129
5500 7 130
5200 7 131
5100 7 132
6400 7 133
4500 7 134
4400 7 135
4800 7 136
4400 7 137
5900 7 138
4400 7 139
4300 7 140
5200 7 141
4400 7 142
4400 7 143
5200 7 144
4500 7 145
5500 7 146
4900 7 147
5400 7 148
4300 7 149
4300 7 150
5300 7 151
5800 7 152
102400 7 153
10300 7 154
7600 7 155
6400 7 156
4500 7 157
5800 7 158
5100 7 159
4600 7 160
4300 7 161
5700 7 162
4500 7 163
4100 7 164
9400 7 165
4800 7 166
5300 7 167
5400 7 168
5100 7 169
35000 7 170
8600 7 171
10300 7 172
7700 7 173
8500 7 174
7200 7 175
8200 7 176
7100 7 177
6700 7 178
6900 7 179
9300 7 180
6400 7 181
6400 7 182
7900 7 183
4700 7 184
4300 7 185
4300 7 186
6000 7 187
11800 7 188
8100 7 189
9900 7 190
7300 7 191
8100 7 192
5100 7 193
16500 7 194
10400 7 195
11600 7 196
11100 7 197
9700 7 198
11300 7 199
12200 7 200
