Hello
2065400 1 1
261800 2 2
62900 2 3
38400 3 4
35400 3 5
33900 4 6
43000 3 7
38900 4 8
42200 4 9
43800 5 10
49900 4 11
39900 5 12
51100 5 13
59700 6 14
45800 4 15
47400 5 16
45900 5 17
43000 6 18
47200 5 19
52600 6 20
50300 6 21
50700 7 22
46300 5 23
49500 6 24
50400 6 25
46200 7 26
70100 6 27
46900 7 28
92900 7 29
58500 8 30
59000 5 31
51300 6 32
47500 6 33
50300 7 34
48800 6 35
45200 7 36
60200 7 37
39400 8 38
49900 6 39
45600 7 40
70300 7 41
58000 8 42
45400 7 43
38300 8 44
53700 8 45
85000 9 46
44500 6 47
39500 7 48
41500 7 49
55300 8 50
46400 7 51
51100 8 52
41300 8 53
45300 9 54
49600 7 55
40300 8 56
38100 8 57
41100 9 58
48800 8 59
41600 9 60
45100 9 61
41700 10 62
47200 6 63
40400 7 64
44100 7 65
41600 8 66
52900 7 67
48500 8 68
46300 8 69
42200 9 70
48300 7 71
85400 8 72
39300 8 73
42600 9 74
76400 8 75
53500 9 76
38400 9 77
64100 10 78
40400 7 79
50500 8 80
40100 8 81
58900 9 82
39000 8 83
47400 9 84
35800 9 85
36500 10 86
48300 8 87
63100 9 88
38800 9 89
35500 10 90
62200 9 91
48200 10 92
37200 10 93
35900 11 94
43500 7 95
51600 8 96
40800 8 97
34200 9 98
37600 8 99
37600 9 100
26700 9 101
29300 10 102
33400 8 103
23800 9 104
25800 9 105
27800 10 106
26000 9 107
24900 10 108
25600 10 109
25600 11 110
30400 8 111
23700 9 112
26300 9 113
25400 10 114
32400 9 115
24700 10 116
27000 10 117
25800 11 118
34600 9 119
29400 10 120
30600 10 121
28200 11 122
27700 10 123
29600 11 124
29100 11 125
29400 12 126
33100 7 127
26200 8 128
27400 8 129
24500 9 130
32800 8 131
38900 9 132
47700 9 133
28600 10 134
30200 8 135
31000 9 136
34100 9 137
31900 10 138
29900 9 139
30600 10 140
27300 10 141
27400 11 142
30500 8 143
29900 9 144
36300 9 145
26300 10 146
29300 9 147
30900 10 148
31400 10 149
26500 11 150
38300 9 151
37500 10 152
34900 10 153
43200 11 154
36300 10 155
30900 11 156
29300 11 157
30800 12 158
32400 8 159
26700 9 160
32100 9 161
31200 10 162
34600 9 163
29600 10 164
38400 10 165
26900 11 166
36600 9 167
28200 10 168
182100 10 169
43700 11 170
43900 10 171
55000 11 172
29900 11 173
27300 12 174
28000 9 175
22400 10 176
25300 10 177
22800 11 178
25900 10 179
24000 11 180
38200 11 181
22600 12 182
34400 10 183
38100 11 184
51300 11 185
22800 12 186
23700 11 187
21200 12 188
28100 12 189
37400 13 190
27300 8 191
24600 9 192
23300 9 193
27800 10 194
24700 9 195
26900 10 196
23900 10 197
28200 11 198
24800 9 199
24400 10 200
