Hello
76400 7 200
13500 7 199
7900 7 198
6500 7 197
7600 7 196
6600 7 195
6700 7 194
6600 7 193
6900 7 192
6900 7 191
6600 7 190
22900 7 189
10300 7 188
9500 7 187
9500 7 186
12900 7 185
12300 7 184
9700 7 183
9400 7 182
11500 7 181
8700 7 180
9400 7 179
8700 7 178
9200 7 177
9600 7 176
9200 7 175
23400 7 174
7700 7 173
7900 7 172
8200 7 171
7900 7 170
8300 7 169
8300 7 168
8100 7 167
7200 7 166
7000 7 165
6900 7 164
6800 7 163
7100 7 162
6800 7 161
6800 7 160
8700 7 159
6800 7 158
13600 7 157
6300 7 156
6300 7 155
5800 7 154
5900 7 153
6300 7 152
6700 7 151
6900 7 150
8200 7 149
6300 7 148
5800 7 147
6300 7 146
6000 7 145
6300 7 144
6000 7 143
13900 7 142
6000 7 141
6000 7 140
12000 7 139
5900 7 138
5700 7 137
7000 7 136
16200 7 135
7700 7 134
7900 7 133
15800 7 132
7800 7 131
8000 7 130
8100 7 129
8100 7 128
15400 7 127
8100 7 126
142400 7 125
43400 7 124
6100 7 123
6100 7 122
8700 7 121
9700 7 120
5800 7 119
5400 7 118
5800 7 117
5500 7 116
7000 7 115
5500 7 114
5100 7 113
6800 7 112
5200 7 111
6100 7 110
5400 7 109
5000 7 108
11200 7 107
4400 7 106
4600 7 105
7100 6 104
4500 6 103
4300 6 102
6800 6 101
16700 6 101
5400 6 100
4500 6 99
4200 6 98
4100 6 97
4400 6 96
4300 6 95
6200 6 94
4500 6 93
4400 6 92
4500 6 91
6600 6 90
4000 6 89
4400 6 88
4200 6 87
4500 6 86
4400 6 85
3900 6 84
3900 6 83
3800 6 82
4200 6 81
3900 6 80
3900 6 79
4000 6 78
4100 6 77
4500 6 76
4100 6 75
10700 6 74
4500 6 73
5500 6 72
3800 6 71
3900 6 70
4000 6 69
3900 6 68
4200 6 67
3900 6 66
3900 6 65
4000 6 64
4000 6 63
4100 6 62
5000 6 61
7600 6 60
16400 6 59
6100 6 58
4000 6 57
3900 6 56
4000 5 55
3900 5 54
3900 5 53
4100 5 52
3900 5 51
5900 5 50
4400 5 49
4000 5 48
3600 5 47
3800 5 46
5600 5 45
4300 5 44
3900 5 43
3900 5 42
3800 5 41
4100 5 40
3800 5 39
3900 5 38
4000 5 37
3900 5 36
3600 5 35
3800 5 34
3700 5 33
3600 5 32
3900 5 31
3800 5 30
3800 5 29
6100 5 28
3900 5 27
5200 5 26
3700 5 25
3500 5 24
3600 4 23
3700 4 22
3500 4 21
3600 4 20
3900 4 19
3600 4 18
3500 4 17
3400 4 16
3300 4 15
3400 4 14
3500 4 13
3400 3 12
5000 3 11
4400 3 10
3100 3 9
3300 3 8
3300 3 7
4100 2 6
3300 2 5
3000 2 4
2800 1 3
2800 1 2
