Hello
62900 12 200
20400 12 199
15400 12 198
14200 12 197
14600 12 196
19600 12 195
14500 12 194
51000 12 193
20700 12 192
14500 12 191
14300 12 190
42900 12 189
9800 12 188
23000 12 187
15300 12 186
15700 12 185
13800 12 184
12500 12 183
24800 12 182
30700 12 181
13300 12 180
11000 12 179
7000 12 178
11300 12 177
6200 12 176
6500 12 175
6400 12 174
11200 12 173
10300 12 172
9700 12 171
9600 12 170
10600 12 169
29300 12 168
13200 12 167
13200 12 166
11900 12 165
12200 12 164
12200 12 163
14300 12 162
11600 12 161
13700 12 160
12100 12 159
14700 12 158
75200 12 157
10900 12 156
9200 12 155
9400 12 154
9100 12 153
10100 12 152
9900 12 151
9800 12 150
33300 12 149
36500 12 148
8100 12 147
8500 12 146
8400 12 145
7000 12 144
7200 12 143
8200 12 142
8500 12 141
7200 12 140
6500 12 139
6200 12 138
5700 11 137
6700 11 136
6200 11 135
6000 11 134
5600 11 133
6000 11 132
7600 11 131
6300 11 130
6300 11 129
5500 11 128
5600 11 127
5300 11 126
7200 11 125
6000 11 124
5600 11 123
8700 11 122
6600 11 121
14400 11 120
6400 11 119
5900 11 118
5900 11 117
5700 11 116
5300 11 115
5000 11 114
5100 11 113
5800 11 112
6000 11 111
5600 11 110
3800 11 109
5600 11 108
6100 11 107
5400 10 106
5400 10 105
3800 10 104
8200 10 103
4300 10 102
3900 10 101
9300 10 101
5000 10 100
4800 10 99
5700 10 98
5300 10 97
5300 10 96
4700 10 95
5000 10 94
4900 10 93
7400 10 92
4600 10 91
5000 10 90
4400 10 89
4700 10 88
4800 10 87
15400 10 86
4600 10 85
4500 10 84
5200 10 83
5000 10 82
4700 10 81
5000 10 80
5000 10 79
5000 10 78
5600 10 77
4800 10 76
13600 10 75
4900 9 74
4800 9 73
5000 9 72
22100 9 71
4300 9 70
3800 9 69
4100 9 68
4200 9 67
10500 9 66
7900 9 65
7100 9 64
6500 9 63
7500 9 62
7400 9 61
7500 9 60
6500 9 59
6600 8 58
18900 8 57
6600 8 56
6000 8 55
6500 8 54
5800 8 53
6200 8 52
6100 8 51
6500 8 50
5800 8 49
24100 8 48
7800 8 47
9800 8 46
7200 8 45
7700 8 44
7500 8 43
7500 8 42
7300 8 41
7700 8 40
7500 8 39
8100 8 38
7300 8 37
7600 8 36
7500 8 35
8900 7 34
7100 7 33
9300 7 32
7300 7 31
7600 7 30
7200 7 29
6700 7 28
7800 7 27
5600 6 26
4100 6 25
3700 6 24
3800 6 23
3600 6 22
3400 6 21
3800 6 20
4100 6 19
3900 5 18
3700 5 17
3600 5 16
3600 5 15
3900 4 14
3400 4 13
3800 4 12
3900 4 11
3500 4 10
3800 4 9
3700 3 8
3200 3 7
5500 3 6
3700 2 5
5000 2 4
4800 1 3
3200 1 2
